translation:
    x: -0.0802985650842
    y: 0.162969231001
    z: -0.740496613468

rotation:
    x: -0.141314151906
    y: 0.1878358963
    z: -0.192922078107
    w: 0.952643195699

