translation:
   x: 0.447770749973
   y: 0.539639086473
   z: -1.97047844858
rotation:
   x: 0.49165959252
   y: 0.215850552814
   z: 0.443516454515
   w: 0.717615871137

