  translation:
    x: -0.0917010313697
    y: 0.0317926682697
    z: -0.176167415967
  rotation:
    x: 0.0724886418513
    y: 0.0738876121399
    z: -0.242205548755
    w: 0.964687767999
