translation:
    x: -0.113841282758
    y: 0.662384310313
    z: -0.115966652437
rotation:
    x: -0.00771471430358
    y: -0.0299712698243
    z: -0.141008713818
    w: 0.989524506415
