image_width: 640
image_height: 480
camera_name: narrow_stereo
camera_matrix:
  rows: 3
  cols: 3
  data: [530.221453, 0, 324.686863, 0, 533.583018, 264.872945, 0, 0, 1]
distortion_model: plumb_bob
distortion_coefficients:
  rows: 1
  cols: 5
  data: [0.195441, -0.386846, 0.005376, -0.001467, 0]
rectification_matrix:
  rows: 3
  cols: 3
  data: [1, 0, 0, 0, 1, 0, 0, 0, 1]
projection_matrix:
  rows: 3
  cols: 4
  data: [540.765259, 0, 323.580102, 0, 0, 545.316101, 266.182127, 0, 0, 0, 1, 0]